1 0.217222 0.460057 0.017963 0.043152
1 0.109194 0.413390 0.016611 0.039887
1 0.109458 0.365998 0.016620 0.039887
1 0.135384 0.126111 0.016620 0.039887
1 0.421977 0.508764 0.016620 0.039887
1 0.420329 0.414388 0.016620 0.039887
1 0.419671 0.365975 0.016620 0.039887
1 0.700250 0.220556 0.016611 0.039887
1 0.878806 0.365680 0.016611 0.039887
1 0.798005 0.557268 0.016620 0.039887
1 0.608824 0.799376 0.016611 0.039887
1 0.028352 0.986395 0.016611 0.027211
0 0.152093 0.798696 0.016611 0.037755
0 0.233704 0.798696 0.017778 0.036848
0 0.102884 0.985748 0.016639 0.028503
0 0.160403 0.413447 0.016231 0.041859
0 0.160069 0.364977 0.016231 0.041837
0 0.271106 0.461463 0.016231 0.041837
0 0.028958 0.173265 0.016231 0.041859
0 0.112838 0.173741 0.016231 0.041859
0 0.195755 0.125193 0.016231 0.041859
0 0.470681 0.365873 0.016231 0.041859
0 0.470958 0.412925 0.016231 0.041859
0 0.478921 0.508390 0.016231 0.041859
0 0.683699 0.125873 0.016231 0.041859
0 0.732838 0.125873 0.016231 0.041859
0 0.749310 0.220658 0.016231 0.041859
0 0.878329 0.413605 0.016231 0.041859
0 0.937347 0.412925 0.016231 0.041859
0 0.937894 0.365873 0.016231 0.041859
0 0.741500 0.556519 0.016222 0.041837
0 0.521819 0.796769 0.016231 0.041837
0 0.439921 0.796769 0.016231 0.041837
0 0.364208 0.796769 0.016231 0.041837
