0 0.150716 0.408246 0.017979 0.029953
0 0.150622 0.373270 0.017979 0.029953
0 0.150181 0.338152 0.017979 0.029953
0 0.096098 0.160782 0.017979 0.029953
0 0.176044 0.161280 0.017979 0.029953
0 0.059732 0.125403 0.017992 0.029953
0 0.109418 0.055142 0.017979 0.029953
0 0.270703 0.056137 0.017979 0.029953
0 0.387845 0.055142 0.017992 0.029953
0 0.388119 0.091019 0.017979 0.029953
0 0.271252 0.196659 0.017979 0.029953
0 0.405609 0.196173 0.017992 0.029976
0 0.346760 0.232038 0.017992 0.029953
0 0.270703 0.268400 0.017979 0.029976
0 0.363688 0.267417 0.017979 0.029953
0 0.785997 0.267287 0.017992 0.029976
0 0.786580 0.340640 0.017979 0.029953
0 0.942805 0.408957 0.017979 0.029953
0 0.863768 0.409313 0.017979 0.029953
0 0.785509 0.409313 0.017979 0.029953
0 0.786272 0.373128 0.017979 0.029953
0 0.649217 0.409645 0.017979 0.029953
0 0.658079 0.447180 0.017979 0.029953
0 0.649217 0.303175 0.017979 0.029953
0 0.515047 0.408957 0.017992 0.029953
0 0.515817 0.338673 0.017979 0.029953
0 0.456446 0.447180 0.017979 0.029953
0 0.448922 0.304550 0.017979 0.029953
0 0.395529 0.408957 0.017992 0.029953
0 0.376834 0.447524 0.017979 0.029976
0 0.379337 0.302844 0.017979 0.029953
0 0.270609 0.338673 0.017979 0.029953
0 0.280830 0.447867 0.017992 0.029953
0 0.089337 0.446919 0.017979 0.029953
0 0.026352 0.409716 0.017979 0.029953
0 0.025776 0.373555 0.017979 0.029953
0 0.026165 0.338400 0.017979 0.029976
0 0.159920 0.126517 0.017992 0.029953
0 0.740977 0.909289 0.017992 0.029953
0 0.779076 0.768294 0.017992 0.029953
1 0.059652 0.055972 0.018072 0.030569
1 0.109250 0.126706 0.018072 0.030569
1 0.026386 0.161540 0.018072 0.030569
1 0.270910 0.090948 0.017483 0.030569
1 0.317323 0.302654 0.017483 0.030569
1 0.325884 0.373507 0.017470 0.030569
1 0.270134 0.409526 0.017483 0.030569
1 0.181995 0.446801 0.017483 0.030569
1 0.873942 0.232464 0.017470 0.030569
1 0.549866 0.447986 0.017483 0.030569
1 0.514705 0.374692 0.017470 0.030569
1 0.649518 0.374526 0.017483 0.030569
1 0.649746 0.338886 0.017483 0.030569
1 0.691365 0.909929 0.017483 0.030569
1 0.829009 0.767844 0.017483 0.030569
