0 0.095035 0.343633 0.016245 0.060749
0 0.095263 0.268670 0.016235 0.060787
0 0.095445 0.191816 0.016235 0.060787
0 0.175688 0.191124 0.016235 0.060749
0 0.174929 0.265880 0.016235 0.060749
0 0.175309 0.342715 0.016245 0.060787
0 0.255172 0.342715 0.016235 0.060787
0 0.254605 0.268670 0.016235 0.060787
0 0.254605 0.193221 0.016235 0.060749
0 0.436791 0.342715 0.016235 0.060787
0 0.437551 0.268670 0.016235 0.060787
0 0.437551 0.191124 0.016235 0.060749
0 0.532702 0.344120 0.016235 0.060749
0 0.532702 0.268670 0.016235 0.060787
0 0.532702 0.191124 0.016235 0.060749
0 0.611807 0.192528 0.016245 0.060787
0 0.612186 0.269382 0.016235 0.060787
0 0.612186 0.346217 0.016235 0.060749
