0 0.087861 0.352199 0.015664 0.061015
0 0.087861 0.198440 0.015664 0.061015
0 0.169893 0.275132 0.015664 0.061015
0 0.255283 0.353515 0.015664 0.061015
0 0.255693 0.277124 0.015664 0.061015
0 0.255693 0.200733 0.015664 0.061015
0 0.436318 0.277914 0.015664 0.061015
0 0.436318 0.196823 0.015664 0.061015
0 0.536963 0.353515 0.015664 0.061015
0 0.622822 0.353515 0.015664 0.061015
0 0.622822 0.277914 0.015664 0.061015
0 0.622822 0.200733 0.015664 0.061015
1 0.087778 0.275432 0.017217 0.064173
1 0.170552 0.349944 0.017217 0.064173
1 0.169824 0.196541 0.017207 0.064211
1 0.436987 0.351109 0.017217 0.064173
1 0.537417 0.197951 0.017217 0.064173
1 0.537754 0.277838 0.017207 0.064173
