0 0.149095 0.183470 0.016810 0.053664
0 0.212389 0.184828 0.016810 0.053621
0 0.111543 0.465690 0.016810 0.053621
0 0.112559 0.533405 0.016810 0.053621
0 0.163587 0.536078 0.016810 0.053621
0 0.164186 0.466379 0.016810 0.053621
0 0.230007 0.605797 0.016810 0.053664
0 0.282858 0.606466 0.016810 0.053621
0 0.432409 0.677026 0.016797 0.053621
0 0.485475 0.676552 0.016810 0.053621
0 0.464616 0.536595 0.016810 0.053621
0 0.464889 0.466638 0.016810 0.053621
0 0.518145 0.464828 0.016810 0.053621
0 0.518418 0.534784 0.016810 0.053621
0 0.770983 0.746681 0.016810 0.053621
0 0.824355 0.745625 0.016810 0.053664
0 0.911413 0.534224 0.016810 0.053621
0 0.911569 0.466379 0.016810 0.053621
0 0.969076 0.466379 0.016797 0.053621
0 0.969238 0.536853 0.016810 0.053621
0 0.807520 0.254440 0.016810 0.053621
0 0.754141 0.255517 0.016797 0.053621
0 0.579095 0.184655 0.016810 0.053621
0 0.488418 0.183319 0.016810 0.053621
